-150.000000      -120.000000
  -150.000000      -90.0000000
  -150.000000      -60.0000000
  -150.000000       60.0000000
  -150.000000       90.0000000
  -150.000000       120.000000
  -120.000000      -120.000000
  -120.000000      -90.0000000
  -120.000000      -60.0000000
  -120.000000       0.00000000
  -120.000000       30.0000000
  -120.000000       60.0000000
  -120.000000       90.0000000
  -120.000000       120.000000
  -90.0000000      -60.0000000
  -90.0000000      -30.0000000
  -90.0000000       0.00000000
  -90.0000000       30.0000000
  -90.0000000       60.0000000
  -90.0000000       90.0000000
  -90.0000000       120.000000
  -60.0000000      -60.0000000
  -60.0000000      -30.0000000
  -60.0000000       0.00000000
  -60.0000000       30.0000000
  -60.0000000       60.0000000
  -60.0000000       90.0000000
  -60.0000000       120.000000
  -30.0000000      -60.0000000
  -30.0000000      -30.0000000
   0.00000000      -90.0000000
   0.00000000      -60.0000000
   30.0000000      -90.0000000
   30.0000000      -60.0000000
   30.0000000      -30.0000000
   60.0000000      -120.000000
   60.0000000      -90.0000000
   60.0000000      -60.0000000
   60.0000000      -30.0000000
   90.0000000      -120.000000
   90.0000000      -90.0000000
   90.0000000      -60.0000000
